11.72
8.59
18.24
17.26
4.59
6.00
13.14
14.75
14.44
19.71
12.51
12.00
19.94
7.49
11.55
7.77
11.82
18.70
4.32
5.22
8.56
4.27
10.79
10.68
10.84
9.83
4.85
13.32
19.55
13.09
17.66
4.74
9.75
9.17
13.50
11.08
12.56
5.90
6.79
13.99
16.31
19.76
15.23
4.64
6.80
7.77
6.60
4.08
5.87
4.86
14.77
7.84
17.88
12.40
14.43
14.00
8.54
6.89
4.84
15.05
6.31
6.38
4.12
14.57
8.07
18.94
15.41
17.71
16.12
19.26
16.82
9.41
7.70
4.14
18.73
10.32
16.28
6.88
18.66
4.82
14.83
8.66
14.81
9.09
12.97
15.47
5.74
17.49
12.32
12.47
12.61
9.78
4.81
18.76
7.31
19.90
14.86
4.91
19.79
18.19
12.96
6.69
12.14
11.02
16.25
10.84
11.28
10.31
13.68
5.01
14.73
10.22
10.53
17.23
6.56
7.51
19.74
6.80
8.05
13.04
5.54
15.40
9.80
14.85
12.33
8.81
10.47
8.46
13.11
18.94
6.50
17.28
11.52
9.45
16.35
17.95
14.90
6.96
11.26
18.03
11.16
8.73
7.46
15.25
6.68
19.66
14.85
4.34
15.28
18.36
12.54
5.17
17.59
4.96
14.39
7.57
13.44
5.41
6.42
7.52
14.09
18.68
15.24
17.85
4.44
6.64
9.92
17.34
14.18
17.09
18.27
5.61
10.50
9.19
11.85
14.46
18.52
8.43
5.61
16.44
7.96
17.71
19.03
8.73
19.52
7.48
9.02
13.06
12.90
7.70
6.75
19.92
16.23
19.30
18.00
10.24
11.22
10.40
18.54
12.52
